31362
235
35778
657834
24234

123
323656
354
757
45
65

13
674
74565
274876
388765
23637
523
23578
741
34574
1463
8
3465
2135
123
13
13
78323
25
635
626
134675
371
16286
7989
945
67899
4365438
13645
1346478
12123
478
4690
437
75
0
3647
2
75683
171
67
934542
56764
45783
63524
234

6565656565656565656565656565656565
6565
65
65

65
65

656565
65
65
65
65
65
65
65
656565
65
65162861628
65
65
65
6565
65
65
65
656565
65
651628616286
65
65
65
65
65

65
65
65
6516286
655
65
6565
65
65


65
651628616286
65
65
65
65
65
6516286
65
65
65


65
65
65
65656565656565
6565656565
354354354354354354354354354354354354354354354354354354354354354354354354354354354354354567456567573535
354354354
354
35416286
354
354354
354
354
354354
354354354

354
354
354
354
354
354
35435416286
354
354
35416286
354354354
354
354
354
35435416286
354

354

354
35416286
16286
1628616286
16286
1628616286
16286162861628616286
1628616286
1628
354
757
456
354

757
45
354
757
45
354
757
45
354

45
354
757
45
354
757
45
354
757
45
354
757
45
388765

23637
34574
1463
82121
46456
456
